0 0.11953125 0.44609375 0.0234375 0.0109375
0 0.190625 0.4234375 0.0171875 0.0078125
0 0.2375 0.45625 0.0265625 0.0109375
0 0.20703125 0.49296875 0.028125 0.0140625
0 0.1078125 0.48984375 0.028125 0.0140625
0 0.02578125 0.49296875 0.028125 0.0140625
0 0.02421875 0.471875 0.0203125 0.0078125
0 0.15234375 0.5796875 0.0265625 0.0140625
0 0.78515625 0.575 0.0265625 0.0109375
0 0.6578125 0.4984375 0.0203125 0.0109375
0 0.58359375 0.4546875 0.0140625 0.0078125
0 0.50390625 0.4078125 0.009375 0.003125
0 0.53515625 0.42734375 0.0140625 0.0078125