0 0.00859375 0.6109375 0.0171875 0.0203125
0 0.046875 0.5625 0.0546875 0.021875
0 0.10234375 0.5296875 0.0453125 0.0171875
0 0.140625 0.5 0.03125 0.0140625
0 0.1734375 0.47734375 0.028125 0.0109375
0 0.028125 0.503125 0.034375 0.0140625
0 0.08828125 0.47890625 0.034375 0.0140625
0 0.15078125 0.45859375 0.028125 0.0140625
0 0.19609375 0.45859375 0.028125 0.0140625
0 0.2015625 0.44453125 0.0234375 0.0140625
0 0.2328125 0.42890625 0.0234375 0.0109375
0 0.28125 0.4078125 0.0234375 0.0109375
0 0.3265625 0.390625 0.0234375 0.0109375
0 0.3609375 0.378125 0.0171875 0.0078125
0 0.08828125 0.64921875 0.1765625 0.0828125
0 0.20859375 0.59921875 0.0203125 0.0171875
0 0.3890625 0.55546875 0.0515625 0.028125
0 0.27265625 0.45859375 0.13125 0.021875