0 0.88046875 0.44609375 0.0234375 0.0109375
0 0.809375 0.4234375 0.0171875 0.0078125
0 0.7625 0.45625 0.0265625 0.0109375
0 0.79296875 0.49296875 0.028125 0.0140625
0 0.8921875 0.48984375 0.028125 0.0140625
0 0.97421875 0.49296875 0.028125 0.0140625
0 0.97578125 0.471875 0.0203125 0.0078125
0 0.84765625 0.5796875 0.0265625 0.0140625
0 0.21484375 0.575 0.0265625 0.0109375
0 0.3421875 0.4984375 0.0203125 0.0109375
0 0.41640625 0.4546875 0.0140625 0.0078125
0 0.49609375 0.4078125 0.009375 0.003125
0 0.46484375 0.42734375 0.0140625 0.0078125