0 0.471609428125 0.9330886968750001 0.4561748296875 0.931379084375 0.43610985781249995 0.9818145218750001 0.455403103125 0.9886532046875001 0.471609428125 0.9330886968750001
0 0.5514834609375 0.846749996875 0.524858775 0.8535887093750001 0.5414509359374999 0.8937661218749999 0.583896084375 0.9074435171875 0.5661462937499999 0.87410481875 0.5514834609375 0.846749996875
0 0.63135746875 0.86213709375 0.6217108203125 0.865556434375 0.62132494375 0.86726610625 0.6085914156250001 0.901459640625 0.6340584984375 0.9322338328124999 0.6402323375 0.9100080531250001 0.63135746875 0.86213709375
0 0.581195028125 0.9322338328124999 0.581195028125 0.9117177234374999 0.5681905875 0.913568375 0.5441519921875 0.924540284375 0.59933066875 0.9766854500000001 0.597787215625 0.94334678125 0.581195028125 0.9322338328124999
0 0.5271739546875 0.9339435625 0.5113329484375 0.922222221875 0.4878157390625 0.9253951484374999 0.4878157390625 0.9322338328124999 0.5190707859375 0.9450564515625001 0.5271739546875 0.9339435625
0 0.67611774375 0.9253951484374999 0.67573189375 0.9553144765624999 0.67843295 0.9989112890625 0.750975515625 1 0.74711685625 0.9553144765624999 0.67611774375 0.9253951484374999
0 0.5877547171875 0.819395146875 0.5595866046875 0.825379053125 0.545695471875 0.827943559375 0.5625482265625 0.8501068374999999 0.6224825468749999 0.846749996875 0.6159228578125 0.8151209703125 0.5904557734375 0.8005887093749999 0.5877547171875 0.819395146875
0 0.5163697296875001 0.8313629015625 0.528694059375 0.83183760625 0.5483965015625001 0.7852016125 0.529489134375 0.779217765625 0.5190707859375 0.8014435437499999 0.5163697296875001 0.8313629015625
0 0.575569059375 0.7626068375 0.5850536875000001 0.726217734375 0.5642169906250001 0.723653228125 0.5611300578125 0.76212096875 0.575569059375 0.7626068375
0 0.642161640625 0.7578467625 0.622444059375 0.7577991453124999 0.6599114328125 0.793749996875 0.6842209125000001 0.78947581875 0.67032978125 0.76041126875 0.642161640625 0.7578467625
0 0.622096696875 0.8005887093749999 0.62093908125 0.80520490625 0.6294281125000001 0.7826370781249999 0.616308734375 0.7783629000000001 0.600874121875 0.7834919124999999 0.5615159078125 0.7783629000000001 0.559200728125 0.7911854609375 0.5927709531249999 0.7946048609374999 0.622096696875 0.8005887093749999
0 0.62093908125 0.80520490625 0.6197815171875 0.8082822578125001 0.6398464609375 0.819395146875 0.6977261953125 0.821959653125 0.6857643921875 0.803153215625 0.6201673671875 0.8082822578125001 0.62093908125 0.80520490625
0 0.7075135046875001 0.8626068374999999 0.6383030078124999 0.86042739375 0.6410040640625 0.8937661218749999 0.70814454375 0.8971854625000001 0.7075135046875001 0.8626068374999999